The Element Stiffness matrices are
===================================
k =   1.5000e+00, h =   5.0000e+01, Tinf =   2.5000e+01, Q =   0.0000e+00

Ke1 
----

    2.8125e-01	    9.3750e-02	   -6.2016e-17	   -3.7500e-01	    0.0000e+00	   -1.2490e-16

    9.3750e-02	    3.2813e+00	    4.1667e-01	   -3.7500e-01	   -2.1667e+00	   -6.9389e-16

   -6.2016e-17	    4.1667e-01	    3.0000e+00	    2.2204e-16	   -2.1667e+00	    4.4409e-16

   -3.7500e-01	   -3.7500e-01	    2.2204e-16	    6.0833e+00	    2.2204e-16	   -5.3333e+00

    0.0000e+00	   -2.1667e+00	   -2.1667e+00	    2.2204e-16	    1.0083e+01	   -7.5000e-01

   -1.2490e-16	   -6.9389e-16	    4.4409e-16	   -5.3333e+00	   -7.5000e-01	    6.0833e+00

Ke2 
----

    1.1406e+00	    9.3750e-02	    2.8646e-01	   -3.7500e-01	   -2.7756e-16	   -1.1458e+00

    9.3750e-02	    5.6250e-01	    9.3750e-02	   -3.7500e-01	   -3.7500e-01	   -1.2490e-16

    2.8646e-01	    9.3750e-02	    1.1406e+00	   -1.1102e-16	   -3.7500e-01	   -1.1458e+00

   -3.7500e-01	   -3.7500e-01	   -1.1102e-16	    3.7917e+00	   -2.2917e+00	   -7.5000e-01

   -2.7756e-16	   -3.7500e-01	   -3.7500e-01	   -2.2917e+00	    3.7917e+00	   -7.5000e-01

   -1.1458e+00	   -1.2490e-16	   -1.1458e+00	   -7.5000e-01	   -7.5000e-01	    3.7917e+00

Ke3 
----

    3.0000e+00	    4.1667e-01	   -7.3899e-17	   -2.1667e+00	    3.3307e-16	   -6.6613e-16

    4.1667e-01	    3.2813e+00	    9.3750e-02	   -2.1667e+00	   -3.7500e-01	    5.5511e-16

   -7.3899e-17	    9.3750e-02	    2.8125e-01	    8.3267e-17	   -3.7500e-01	    2.7756e-16

   -2.1667e+00	   -2.1667e+00	    8.3267e-17	    1.0083e+01	   -3.0531e-16	   -7.5000e-01

    3.3307e-16	   -3.7500e-01	   -3.7500e-01	   -3.0531e-16	    6.0833e+00	   -5.3333e+00

   -6.6613e-16	    5.5511e-16	    2.7756e-16	   -7.5000e-01	   -5.3333e+00	    6.0833e+00

The Element Load Vector are
===================================

fe1 
-----

    0.0000e+00	    3.1250e+01	    3.1250e+01	    0.0000e+00	    1.2500e+02	    0.0000e+00	
fe2 
-----

    0.0000e+00	    0.0000e+00	    0.0000e+00	    0.0000e+00	    0.0000e+00	    0.0000e+00	
fe3 
-----

    3.1250e+01	    3.1250e+01	    0.0000e+00	    1.2500e+02	    0.0000e+00	    0.0000e+00	

The Global Stiffness matrix is
==================================

K
--
  1.4219e+00	  9.3750e-02	  9.3750e-02	  0.0000e+00	  2.8646e-01	 -3.7500e-01

  9.3750e-02	  3.2813e+00	  4.1667e-01	  0.0000e+00	  0.0000e+00	 -3.7500e-01

  9.3750e-02	  4.1667e-01	  6.5625e+00	  4.1667e-01	  9.3750e-02	  2.2204e-16

  0.0000e+00	  0.0000e+00	  4.1667e-01	  3.2813e+00	  9.3750e-02	  0.0000e+00

  2.8646e-01	  0.0000e+00	  9.3750e-02	  9.3750e-02	  1.4219e+00	  0.0000e+00

 -3.7500e-01	 -3.7500e-01	  2.2204e-16	  0.0000e+00	  0.0000e+00	  6.0833e+00

  0.0000e+00	 -2.1667e+00	 -2.1667e+00	  0.0000e+00	  0.0000e+00	  2.2204e-16

  0.0000e+00	  0.0000e+00	 -2.1667e+00	 -2.1667e+00	  8.3267e-17	  0.0000e+00

  0.0000e+00	  0.0000e+00	  3.3307e-16	 -3.7500e-01	 -3.7500e-01	  0.0000e+00

 -1.1458e+00	  0.0000e+00	 -1.2490e-16	  0.0000e+00	 -1.1458e+00	  0.0000e+00

 -3.7500e-01	 -6.9389e-16	 -3.7500e-01	  0.0000e+00	 -1.1102e-16	 -5.3333e+00

 -2.7756e-16	  0.0000e+00	 -3.7500e-01	  5.5511e-16	 -3.7500e-01	  0.0000e+00




  0.0000e+00	  0.0000e+00	  0.0000e+00	 -1.1458e+00	 -3.7500e-01	 -2.7756e-16

 -2.1667e+00	  0.0000e+00	  0.0000e+00	  0.0000e+00	 -6.9389e-16	  0.0000e+00

 -2.1667e+00	 -2.1667e+00	  3.3307e-16	 -1.2490e-16	 -3.7500e-01	 -3.7500e-01

  0.0000e+00	 -2.1667e+00	 -3.7500e-01	  0.0000e+00	  0.0000e+00	  5.5511e-16

  0.0000e+00	  8.3267e-17	 -3.7500e-01	 -1.1458e+00	 -1.1102e-16	 -3.7500e-01

  2.2204e-16	  0.0000e+00	  0.0000e+00	  0.0000e+00	 -5.3333e+00	  0.0000e+00

  1.0083e+01	  0.0000e+00	  0.0000e+00	  0.0000e+00	 -7.5000e-01	  0.0000e+00

  0.0000e+00	  1.0083e+01	 -3.0531e-16	  0.0000e+00	  0.0000e+00	 -7.5000e-01

  0.0000e+00	 -3.0531e-16	  6.0833e+00	  0.0000e+00	  0.0000e+00	 -5.3333e+00

  0.0000e+00	  0.0000e+00	  0.0000e+00	  3.7917e+00	 -7.5000e-01	 -7.5000e-01

 -7.5000e-01	  0.0000e+00	  0.0000e+00	 -7.5000e-01	  9.8750e+00	 -2.2917e+00

  0.0000e+00	 -7.5000e-01	 -5.3333e+00	 -7.5000e-01	 -2.2917e+00	  9.8750e+00



The Global Load Vector is
==================================

F
--
  0.0000e+00	  3.1250e+01	  6.2500e+01	  3.1250e+01	  0.0000e+00	  0.0000e+00	  1.2500e+02	  1.2500e+02	  0.0000e+00	  0.0000e+00	  0.0000e+00	  0.0000e+00	

Imposition of Boundary Condition
==================================

K u = F
--------
  1.4219e+00	  9.3750e-02	  9.3750e-02	  0.0000e+00	  2.8646e-01	 -3.7500e-01	  0.0000e+00	  0.0000e+00	  0.0000e+00	 -1.1458e+00	 -3.7500e-01	 -2.7756e-16				  0.0000e+00

  9.3750e-02	  3.2813e+00	  4.1667e-01	  0.0000e+00	  0.0000e+00	 -3.7500e-01	 -2.1667e+00	  0.0000e+00	  0.0000e+00	  0.0000e+00	 -6.9389e-16	  0.0000e+00				  3.1250e+01

  9.3750e-02	  4.1667e-01	  6.5625e+00	  4.1667e-01	  9.3750e-02	  2.2204e-16	 -2.1667e+00	 -2.1667e+00	  3.3307e-16	 -1.2490e-16	 -3.7500e-01	 -3.7500e-01				  6.2500e+01

  0.0000e+00	  0.0000e+00	  4.1667e-01	  3.2813e+00	  9.3750e-02	  0.0000e+00	  0.0000e+00	 -2.1667e+00	 -3.7500e-01	  0.0000e+00	  0.0000e+00	  5.5511e-16				  3.1250e+01

  2.8646e-01	  0.0000e+00	  9.3750e-02	  9.3750e-02	  1.4219e+00	  0.0000e+00	  0.0000e+00	  8.3267e-17	 -3.7500e-01	 -1.1458e+00	 -1.1102e-16	 -3.7500e-01				  0.0000e+00

 -3.7500e-01	 -3.7500e-01	  2.2204e-16	  0.0000e+00	  0.0000e+00	  6.0833e+00	  2.2204e-16	  0.0000e+00	  0.0000e+00	  0.0000e+00	 -5.3333e+00	  0.0000e+00				  0.0000e+00

  0.0000e+00	 -2.1667e+00	 -2.1667e+00	  0.0000e+00	  0.0000e+00	  2.2204e-16	  1.0083e+01	  0.0000e+00	  0.0000e+00	  0.0000e+00	 -7.5000e-01	  0.0000e+00				  1.2500e+02

  0.0000e+00	  0.0000e+00	 -2.1667e+00	 -2.1667e+00	  8.3267e-17	  0.0000e+00	  0.0000e+00	  1.0083e+01	 -3.0531e-16	  0.0000e+00	  0.0000e+00	 -7.5000e-01				  1.2500e+02

  0.0000e+00	  0.0000e+00	  3.3307e-16	 -3.7500e-01	 -3.7500e-01	  0.0000e+00	  0.0000e+00	 -3.0531e-16	  6.0833e+00	  0.0000e+00	  0.0000e+00	 -5.3333e+00				  0.0000e+00

 -1.1458e+00	  0.0000e+00	 -1.2490e-16	  0.0000e+00	 -1.1458e+00	  0.0000e+00	  0.0000e+00	  0.0000e+00	  0.0000e+00	  3.7917e+00	 -7.5000e-01	 -7.5000e-01				  0.0000e+00

 -3.7500e-01	 -6.9389e-16	 -3.7500e-01	  0.0000e+00	 -1.1102e-16	 -5.3333e+00	 -7.5000e-01	  0.0000e+00	  0.0000e+00	 -7.5000e-01	  9.8750e+00	 -2.2917e+00				  0.0000e+00

 -2.7756e-16	  0.0000e+00	 -3.7500e-01	  5.5511e-16	 -3.7500e-01	  0.0000e+00	  0.0000e+00	 -7.5000e-01	 -5.3333e+00	 -7.5000e-01	 -2.2917e+00	  9.8750e+00				  0.0000e+00



Reduced Equations
=======================

K_reduce u = F_reduce
--------
  1.4219e+00	  9.3750e-02	  9.3750e-02	 -3.7500e-01	  0.0000e+00	  0.0000e+00	 -1.1458e+00	 -3.7500e-01	 -2.7756e-16				 -5.1563e+01

  9.3750e-02	  3.2813e+00	  4.1667e-01	 -3.7500e-01	 -2.1667e+00	  0.0000e+00	  0.0000e+00	 -6.9389e-16	  0.0000e+00				  3.1250e+01

  9.3750e-02	  4.1667e-01	  6.5625e+00	  2.2204e-16	 -2.1667e+00	 -2.1667e+00	 -1.2490e-16	 -3.7500e-01	 -3.7500e-01				 -2.9375e+01

 -3.7500e-01	 -3.7500e-01	  2.2204e-16	  6.0833e+00	  2.2204e-16	  0.0000e+00	  0.0000e+00	 -5.3333e+00	  0.0000e+00				  0.0000e+00

  0.0000e+00	 -2.1667e+00	 -2.1667e+00	  2.2204e-16	  1.0083e+01	  0.0000e+00	  0.0000e+00	 -7.5000e-01	  0.0000e+00				  1.2500e+02

  0.0000e+00	  0.0000e+00	 -2.1667e+00	  0.0000e+00	  0.0000e+00	  1.0083e+01	  0.0000e+00	  0.0000e+00	 -7.5000e-01				  5.1500e+02

 -1.1458e+00	  0.0000e+00	 -1.2490e-16	  0.0000e+00	  0.0000e+00	  0.0000e+00	  3.7917e+00	 -7.5000e-01	 -7.5000e-01				  2.0625e+02

 -3.7500e-01	 -6.9389e-16	 -3.7500e-01	 -5.3333e+00	 -7.5000e-01	  0.0000e+00	 -7.5000e-01	  9.8750e+00	 -2.2917e+00				  1.9984e-14

 -2.7756e-16	  0.0000e+00	 -3.7500e-01	  0.0000e+00	  0.0000e+00	 -7.5000e-01	 -7.5000e-01	 -2.2917e+00	  9.8750e+00				  1.0275e+03



The Final Solution
=========================

Tn
--
  1.4009e+02

  3.8652e+01

  4.2667e+01

  1.8000e+02

  1.8000e+02

  1.1416e+02

  3.8621e+01

  7.1382e+01

  1.8000e+02

  1.4962e+02

  1.1765e+02

  1.4976e+02

