The Element Stiffness matrices are
===================================
E =   3.0000e+07, nu =   2.5000e-01, Plane Stress

Ke1 
----

 1.452e+07   5.000e+06  -2.326e+06   3.333e+05  -5.185e+05  -5.556e+05   7.704e+05  -3.333e+05   1.807e+06

 5.000e+06   3.111e+07  -3.333e+05  -7.289e+06  -5.556e+05  -1.111e+06   3.333e+05   3.956e+06   1.333e+06

-2.326e+06  -3.333e+05   1.452e+07  -5.000e+06   7.704e+05   3.333e+05  -5.185e+05   5.556e+05   1.807e+06

 3.333e+05  -7.289e+06  -5.000e+06   3.111e+07  -3.333e+05   3.956e+06   5.556e+05  -1.111e+06  -1.333e+06

-5.185e+05  -5.556e+05   7.704e+05  -3.333e+05   1.452e+07   5.000e+06  -2.326e+06   3.333e+05   1.748e+06

-5.556e+05  -1.111e+06   3.333e+05   3.956e+06   5.000e+06   3.111e+07  -3.333e+05  -7.289e+06   2.222e+06

 7.704e+05   3.333e+05  -5.185e+05   5.556e+05  -2.326e+06  -3.333e+05   1.452e+07  -5.000e+06   1.748e+06

-3.333e+05   3.956e+06   5.556e+05  -1.111e+06   3.333e+05  -7.289e+06  -5.000e+06   3.111e+07  -2.222e+06

 1.807e+06   1.333e+06   1.807e+06  -1.333e+06   1.748e+06   2.222e+06   1.748e+06  -2.222e+06   5.239e+07

-1.333e+06   1.351e+07   1.333e+06   1.351e+07   2.222e+06   2.489e+06  -2.222e+06   2.489e+06   2.910e-11

 3.437e+06   2.222e+06  -1.114e+07   1.333e+06  -1.114e+07  -1.333e+06   3.437e+06  -2.222e+06  -8.296e+06

 2.222e+06   8.622e+06  -1.333e+06  -3.351e+07   1.333e+06  -3.351e+07  -2.222e+06   8.622e+06  -8.889e+06

 1.748e+06   2.222e+06   1.748e+06  -2.222e+06   1.807e+06   1.333e+06   1.807e+06  -1.333e+06   4.504e+06

 2.222e+06   2.489e+06  -2.222e+06   2.489e+06  -1.333e+06   1.351e+07   1.333e+06   1.351e+07  -1.164e-10

-1.114e+07  -1.333e+06   3.437e+06  -2.222e+06   3.437e+06   2.222e+06  -1.114e+07   1.333e+06  -8.296e+06

 1.333e+06  -3.351e+07  -2.222e+06   8.622e+06   2.222e+06   8.622e+06  -1.333e+06  -3.351e+07   8.889e+06

-8.296e+06  -8.889e+06  -8.296e+06   8.889e+06  -8.296e+06  -8.889e+06  -8.296e+06   8.889e+06  -4.741e+07

-8.889e+06  -1.778e+07   8.889e+06  -1.778e+07  -8.889e+06  -1.778e+07   8.889e+06  -1.778e+07  -2.328e-10


-1.333e+06   3.437e+06   2.222e+06   1.748e+06   2.222e+06  -1.114e+07   1.333e+06  -8.296e+06  -8.889e+06

 1.351e+07   2.222e+06   8.622e+06   2.222e+06   2.489e+06  -1.333e+06  -3.351e+07  -8.889e+06  -1.778e+07

 1.333e+06  -1.114e+07  -1.333e+06   1.748e+06  -2.222e+06   3.437e+06  -2.222e+06  -8.296e+06   8.889e+06

 1.351e+07   1.333e+06  -3.351e+07  -2.222e+06   2.489e+06  -2.222e+06   8.622e+06   8.889e+06  -1.778e+07

 2.222e+06  -1.114e+07   1.333e+06   1.807e+06  -1.333e+06   3.437e+06   2.222e+06  -8.296e+06  -8.889e+06

 2.489e+06  -1.333e+06  -3.351e+07   1.333e+06   1.351e+07   2.222e+06   8.622e+06  -8.889e+06  -1.778e+07

-2.222e+06   3.437e+06  -2.222e+06   1.807e+06   1.333e+06  -1.114e+07  -1.333e+06  -8.296e+06   8.889e+06

 2.489e+06  -2.222e+06   8.622e+06  -1.333e+06   1.351e+07   1.333e+06  -3.351e+07   8.889e+06  -1.778e+07

 2.910e-11  -8.296e+06  -8.889e+06   4.504e+06  -5.821e-11  -8.296e+06   8.889e+06  -4.741e+07   5.821e-11

 1.223e+08  -8.889e+06  -1.778e+07  -8.731e-11   1.636e+07   8.889e+06  -1.778e+07  -2.328e-10  -1.351e+08

-8.889e+06   3.887e+07  -4.657e-10  -8.296e+06   8.889e+06  -4.504e+06  -4.657e-10  -2.370e+06   9.313e-10

-1.778e+07   0.000e+00   7.324e+07   8.889e+06  -1.778e+07  -3.129e-10  -1.636e+07   7.567e-10   2.844e+07

-4.366e-11  -8.296e+06   8.889e+06   5.239e+07   4.657e-10  -8.296e+06  -8.889e+06  -4.741e+07   4.075e-10

 1.636e+07   8.889e+06  -1.778e+07   4.657e-10   1.223e+08  -8.889e+06  -1.778e+07   2.328e-10  -1.351e+08

 8.889e+06  -4.504e+06  -2.328e-10  -8.296e+06  -8.889e+06   3.887e+07   4.948e-10  -2.370e+06   1.746e-10

-1.778e+07  -4.075e-10  -1.636e+07  -8.889e+06  -1.778e+07   2.910e-11   7.324e+07   2.328e-10   2.844e+07

-3.492e-10  -2.370e+06   6.403e-10  -4.741e+07   4.657e-10  -2.370e+06   5.239e-10   1.327e+08   0.000e+00

-1.351e+08   6.985e-10   2.844e+07   4.075e-10  -1.351e+08   5.239e-10   2.844e+07   4.657e-10   2.844e+08

Ke2 
----

 1.452e+07   5.000e+06  -2.326e+06   3.333e+05  -5.185e+05  -5.556e+05   7.704e+05  -3.333e+05   1.807e+06

 5.000e+06   3.111e+07  -3.333e+05  -7.289e+06  -5.556e+05  -1.111e+06   3.333e+05   3.956e+06   1.333e+06

-2.326e+06  -3.333e+05   1.452e+07  -5.000e+06   7.704e+05   3.333e+05  -5.185e+05   5.556e+05   1.807e+06

 3.333e+05  -7.289e+06  -5.000e+06   3.111e+07  -3.333e+05   3.956e+06   5.556e+05  -1.111e+06  -1.333e+06

-5.185e+05  -5.556e+05   7.704e+05  -3.333e+05   1.452e+07   5.000e+06  -2.326e+06   3.333e+05   1.748e+06

-5.556e+05  -1.111e+06   3.333e+05   3.956e+06   5.000e+06   3.111e+07  -3.333e+05  -7.289e+06   2.222e+06

 7.704e+05   3.333e+05  -5.185e+05   5.556e+05  -2.326e+06  -3.333e+05   1.452e+07  -5.000e+06   1.748e+06

-3.333e+05   3.956e+06   5.556e+05  -1.111e+06   3.333e+05  -7.289e+06  -5.000e+06   3.111e+07  -2.222e+06

 1.807e+06   1.333e+06   1.807e+06  -1.333e+06   1.748e+06   2.222e+06   1.748e+06  -2.222e+06   5.239e+07

-1.333e+06   1.351e+07   1.333e+06   1.351e+07   2.222e+06   2.489e+06  -2.222e+06   2.489e+06  -4.511e-10

 3.437e+06   2.222e+06  -1.114e+07   1.333e+06  -1.114e+07  -1.333e+06   3.437e+06  -2.222e+06  -8.296e+06

 2.222e+06   8.622e+06  -1.333e+06  -3.351e+07   1.333e+06  -3.351e+07  -2.222e+06   8.622e+06  -8.889e+06

 1.748e+06   2.222e+06   1.748e+06  -2.222e+06   1.807e+06   1.333e+06   1.807e+06  -1.333e+06   4.504e+06

 2.222e+06   2.489e+06  -2.222e+06   2.489e+06  -1.333e+06   1.351e+07   1.333e+06   1.351e+07  -1.164e-10

-1.114e+07  -1.333e+06   3.437e+06  -2.222e+06   3.437e+06   2.222e+06  -1.114e+07   1.333e+06  -8.296e+06

 1.333e+06  -3.351e+07  -2.222e+06   8.622e+06   2.222e+06   8.622e+06  -1.333e+06  -3.351e+07   8.889e+06

-8.296e+06  -8.889e+06  -8.296e+06   8.889e+06  -8.296e+06  -8.889e+06  -8.296e+06   8.889e+06  -4.741e+07

-8.889e+06  -1.778e+07   8.889e+06  -1.778e+07  -8.889e+06  -1.778e+07   8.889e+06  -1.778e+07   6.985e-10


-1.333e+06   3.437e+06   2.222e+06   1.748e+06   2.222e+06  -1.114e+07   1.333e+06  -8.296e+06  -8.889e+06

 1.351e+07   2.222e+06   8.622e+06   2.222e+06   2.489e+06  -1.333e+06  -3.351e+07  -8.889e+06  -1.778e+07

 1.333e+06  -1.114e+07  -1.333e+06   1.748e+06  -2.222e+06   3.437e+06  -2.222e+06  -8.296e+06   8.889e+06

 1.351e+07   1.333e+06  -3.351e+07  -2.222e+06   2.489e+06  -2.222e+06   8.622e+06   8.889e+06  -1.778e+07

 2.222e+06  -1.114e+07   1.333e+06   1.807e+06  -1.333e+06   3.437e+06   2.222e+06  -8.296e+06  -8.889e+06

 2.489e+06  -1.333e+06  -3.351e+07   1.333e+06   1.351e+07   2.222e+06   8.622e+06  -8.889e+06  -1.778e+07

-2.222e+06   3.437e+06  -2.222e+06   1.807e+06   1.333e+06  -1.114e+07  -1.333e+06  -8.296e+06   8.889e+06

 2.489e+06  -2.222e+06   8.622e+06  -1.333e+06   1.351e+07   1.333e+06  -3.351e+07   8.889e+06  -1.778e+07

-9.459e-10  -8.296e+06  -8.889e+06   4.504e+06  -2.910e-10  -8.296e+06   8.889e+06  -4.741e+07   4.657e-10

 1.223e+08  -8.889e+06  -1.778e+07  -2.619e-10   1.636e+07   8.889e+06  -1.778e+07   6.403e-10  -1.351e+08

-8.889e+06   3.887e+07  -3.725e-09  -8.296e+06   8.889e+06  -4.504e+06   3.492e-10  -2.370e+06  -1.630e-09

-1.778e+07  -4.657e-09   7.324e+07   8.889e+06  -1.778e+07   2.328e-10  -1.636e+07  -1.688e-09   2.844e+07

-2.037e-10  -8.296e+06   8.889e+06   5.239e+07   0.000e+00  -8.296e+06  -8.889e+06  -4.741e+07   1.281e-09

 1.636e+07   8.889e+06  -1.778e+07  -4.657e-10   1.223e+08  -8.889e+06  -1.778e+07   1.630e-09  -1.351e+08

 8.889e+06  -4.504e+06   2.692e-10  -8.296e+06  -8.889e+06   3.887e+07  -5.093e-10  -2.370e+06   4.657e-10

-1.778e+07   1.746e-10  -1.636e+07  -8.889e+06  -1.778e+07  -4.366e-11   7.324e+07   1.746e-10   2.844e+07

 5.239e-10  -2.370e+06  -1.804e-09  -4.741e+07   1.630e-09  -2.370e+06   2.910e-10   1.327e+08  -1.397e-09

-1.351e+08  -1.397e-09   2.844e+07   1.222e-09  -1.351e+08   3.492e-10   2.844e+07  -1.397e-09   2.844e+08

The Element Load Vector are
===================================

fe1 
-----

 0.000e+00   0.000e+00   2.500e+01   0.000e+00   2.500e+01   0.000e+00   0.000e+00   0.000e+00   0.000e+00   0.000e+00   1.000e+02   0.000e+00   0.000e+00   0.000e+00   0.000e+00   0.000e+00   0.000e+00   0.000e+00  
fe2 
-----

 0.000e+00   0.000e+00   1.667e+01   0.000e+00   1.667e+01   0.000e+00   0.000e+00   0.000e+00   0.000e+00   0.000e+00   6.667e+01   0.000e+00   0.000e+00   0.000e+00   0.000e+00   0.000e+00   0.000e+00   0.000e+00  

The Global Stiffness matrix is
==================================

K
--
 1.452e+07   5.000e+06   1.807e+06  -1.333e+06  -2.326e+06   3.333e+05  -1.114e+07   1.333e+06  -8.296e+06  -8.889e+06

 5.000e+06   3.111e+07   1.333e+06   1.351e+07  -3.333e+05  -7.289e+06  -1.333e+06  -3.351e+07  -8.889e+06  -1.778e+07

 1.807e+06   1.333e+06   5.239e+07   2.910e-11   1.807e+06  -1.333e+06  -8.296e+06   8.889e+06  -4.741e+07   5.821e-11

-1.333e+06   1.351e+07   2.910e-11   1.223e+08   1.333e+06   1.351e+07   8.889e+06  -1.778e+07  -2.328e-10  -1.351e+08

-2.326e+06  -3.333e+05   1.807e+06   1.333e+06   1.452e+07  -5.000e+06   3.437e+06  -2.222e+06  -8.296e+06   8.889e+06

 3.333e+05  -7.289e+06  -1.333e+06   1.351e+07  -5.000e+06   3.111e+07  -2.222e+06   8.622e+06   8.889e+06  -1.778e+07

-1.114e+07  -1.333e+06  -8.296e+06   8.889e+06   3.437e+06  -2.222e+06   3.887e+07   4.948e-10  -2.370e+06   1.746e-10

 1.333e+06  -3.351e+07   8.889e+06  -1.778e+07  -2.222e+06   8.622e+06   2.910e-11   7.324e+07   2.328e-10   2.844e+07

-8.296e+06  -8.889e+06  -4.741e+07  -3.492e-10  -8.296e+06   8.889e+06  -2.370e+06   5.239e-10   1.327e+08   0.000e+00

-8.889e+06  -1.778e+07  -2.328e-10  -1.351e+08   8.889e+06  -1.778e+07   5.239e-10   2.844e+07   4.657e-10   2.844e+08

 3.437e+06   2.222e+06  -8.296e+06  -8.889e+06  -1.114e+07   1.333e+06  -4.504e+06  -4.657e-10  -2.370e+06   9.313e-10

 2.222e+06   8.622e+06  -8.889e+06  -1.778e+07  -1.333e+06  -3.351e+07  -3.129e-10  -1.636e+07   7.567e-10   2.844e+07

 7.704e+05   3.333e+05   1.748e+06  -2.222e+06  -5.185e+05   5.556e+05  -1.114e+07  -1.333e+06  -8.296e+06   8.889e+06

-3.333e+05   3.956e+06  -2.222e+06   2.489e+06   5.556e+05  -1.111e+06   1.333e+06  -3.351e+07   8.889e+06  -1.778e+07

 1.748e+06   2.222e+06   4.504e+06  -4.366e-11   1.748e+06  -2.222e+06  -8.296e+06  -8.889e+06  -4.741e+07   4.075e-10

 2.222e+06   2.489e+06  -1.164e-10   1.636e+07  -2.222e+06   2.489e+06  -8.889e+06  -1.778e+07   2.328e-10  -1.351e+08

-5.185e+05  -5.556e+05   1.748e+06   2.222e+06   7.704e+05  -3.333e+05   3.437e+06   2.222e+06  -8.296e+06  -8.889e+06

-5.556e+05  -1.111e+06   2.222e+06   2.489e+06   3.333e+05   3.956e+06   2.222e+06   8.622e+06  -8.889e+06  -1.778e+07

 0.000e+00   0.000e+00   0.000e+00   0.000e+00   0.000e+00   0.000e+00   0.000e+00   0.000e+00   0.000e+00   0.000e+00

 0.000e+00   0.000e+00   0.000e+00   0.000e+00   0.000e+00   0.000e+00   0.000e+00   0.000e+00   0.000e+00   0.000e+00

 0.000e+00   0.000e+00   0.000e+00   0.000e+00   0.000e+00   0.000e+00   0.000e+00   0.000e+00   0.000e+00   0.000e+00

 0.000e+00   0.000e+00   0.000e+00   0.000e+00   0.000e+00   0.000e+00   0.000e+00   0.000e+00   0.000e+00   0.000e+00

 0.000e+00   0.000e+00   0.000e+00   0.000e+00   0.000e+00   0.000e+00   0.000e+00   0.000e+00   0.000e+00   0.000e+00

 0.000e+00   0.000e+00   0.000e+00   0.000e+00   0.000e+00   0.000e+00   0.000e+00   0.000e+00   0.000e+00   0.000e+00

 0.000e+00   0.000e+00   0.000e+00   0.000e+00   0.000e+00   0.000e+00   0.000e+00   0.000e+00   0.000e+00   0.000e+00

 0.000e+00   0.000e+00   0.000e+00   0.000e+00   0.000e+00   0.000e+00   0.000e+00   0.000e+00   0.000e+00   0.000e+00

 0.000e+00   0.000e+00   0.000e+00   0.000e+00   0.000e+00   0.000e+00   0.000e+00   0.000e+00   0.000e+00   0.000e+00

 0.000e+00   0.000e+00   0.000e+00   0.000e+00   0.000e+00   0.000e+00   0.000e+00   0.000e+00   0.000e+00   0.000e+00

 0.000e+00   0.000e+00   0.000e+00   0.000e+00   0.000e+00   0.000e+00   0.000e+00   0.000e+00   0.000e+00   0.000e+00

 0.000e+00   0.000e+00   0.000e+00   0.000e+00   0.000e+00   0.000e+00   0.000e+00   0.000e+00   0.000e+00   0.000e+00


 3.437e+06   2.222e+06   7.704e+05  -3.333e+05   1.748e+06   2.222e+06  -5.185e+05  -5.556e+05   0.000e+00   0.000e+00

 2.222e+06   8.622e+06   3.333e+05   3.956e+06   2.222e+06   2.489e+06  -5.556e+05  -1.111e+06   0.000e+00   0.000e+00

-8.296e+06  -8.889e+06   1.748e+06  -2.222e+06   4.504e+06  -5.821e-11   1.748e+06   2.222e+06   0.000e+00   0.000e+00

-8.889e+06  -1.778e+07  -2.222e+06   2.489e+06  -8.731e-11   1.636e+07   2.222e+06   2.489e+06   0.000e+00   0.000e+00

-1.114e+07  -1.333e+06  -5.185e+05   5.556e+05   1.748e+06  -2.222e+06   7.704e+05   3.333e+05   0.000e+00   0.000e+00

 1.333e+06  -3.351e+07   5.556e+05  -1.111e+06  -2.222e+06   2.489e+06  -3.333e+05   3.956e+06   0.000e+00   0.000e+00

-4.504e+06  -2.328e-10  -1.114e+07   1.333e+06  -8.296e+06  -8.889e+06   3.437e+06   2.222e+06   0.000e+00   0.000e+00

-4.075e-10  -1.636e+07  -1.333e+06  -3.351e+07  -8.889e+06  -1.778e+07   2.222e+06   8.622e+06   0.000e+00   0.000e+00

-2.370e+06   6.403e-10  -8.296e+06   8.889e+06  -4.741e+07   4.657e-10  -8.296e+06  -8.889e+06   0.000e+00   0.000e+00

 6.985e-10   2.844e+07   8.889e+06  -1.778e+07   4.075e-10  -1.351e+08  -8.889e+06  -1.778e+07   0.000e+00   0.000e+00

 3.887e+07  -4.657e-10   3.437e+06  -2.222e+06  -8.296e+06   8.889e+06  -1.114e+07  -1.333e+06   0.000e+00   0.000e+00

 0.000e+00   7.324e+07  -2.222e+06   8.622e+06   8.889e+06  -1.778e+07   1.333e+06  -3.351e+07   0.000e+00   0.000e+00

 3.437e+06  -2.222e+06   2.904e+07   1.863e-09   3.615e+06   2.328e-10  -4.652e+06   2.328e-10  -1.114e+07   1.333e+06

-2.222e+06   8.622e+06   1.863e-09   6.222e+07   2.328e-10   2.702e+07   1.746e-10  -1.458e+07  -1.333e+06  -3.351e+07

-8.296e+06   8.889e+06   3.615e+06   2.328e-10   1.048e+08  -4.802e-10   3.615e+06  -6.985e-10  -8.296e+06   8.889e+06

 8.889e+06  -1.778e+07   2.328e-10   2.702e+07   1.455e-11   2.446e+08  -1.164e-09   2.702e+07   8.889e+06  -1.778e+07

-1.114e+07   1.333e+06  -4.652e+06   2.328e-10   3.615e+06  -1.164e-09   2.904e+07   9.313e-10   3.437e+06  -2.222e+06

-1.333e+06  -3.351e+07   2.328e-10  -1.458e+07  -9.313e-10   2.702e+07   0.000e+00   6.222e+07  -2.222e+06   8.622e+06

 0.000e+00   0.000e+00  -1.114e+07  -1.333e+06  -8.296e+06   8.889e+06   3.437e+06  -2.222e+06   3.887e+07  -5.093e-10

 0.000e+00   0.000e+00   1.333e+06  -3.351e+07   8.889e+06  -1.778e+07  -2.222e+06   8.622e+06  -4.366e-11   7.324e+07

 0.000e+00   0.000e+00  -8.296e+06  -8.889e+06  -4.741e+07   5.239e-10  -8.296e+06   8.889e+06  -2.370e+06   2.910e-10

 0.000e+00   0.000e+00  -8.889e+06  -1.778e+07   6.985e-10  -1.351e+08   8.889e+06  -1.778e+07   3.492e-10   2.844e+07

 0.000e+00   0.000e+00   3.437e+06   2.222e+06  -8.296e+06  -8.889e+06  -1.114e+07   1.333e+06  -4.504e+06   3.492e-10

 0.000e+00   0.000e+00   2.222e+06   8.622e+06  -8.889e+06  -1.778e+07  -1.333e+06  -3.351e+07   2.328e-10  -1.636e+07

 0.000e+00   0.000e+00   7.704e+05   3.333e+05   1.748e+06  -2.222e+06  -5.185e+05   5.556e+05  -1.114e+07  -1.333e+06

 0.000e+00   0.000e+00  -3.333e+05   3.956e+06  -2.222e+06   2.489e+06   5.556e+05  -1.111e+06   1.333e+06  -3.351e+07

 0.000e+00   0.000e+00   1.748e+06   2.222e+06   4.504e+06  -2.037e-10   1.748e+06  -2.222e+06  -8.296e+06  -8.889e+06

 0.000e+00   0.000e+00   2.222e+06   2.489e+06  -1.164e-10   1.636e+07  -2.222e+06   2.489e+06  -8.889e+06  -1.778e+07

 0.000e+00   0.000e+00  -5.185e+05  -5.556e+05   1.748e+06   2.222e+06   7.704e+05  -3.333e+05   3.437e+06   2.222e+06

 0.000e+00   0.000e+00  -5.556e+05  -1.111e+06   2.222e+06   2.489e+06   3.333e+05   3.956e+06   2.222e+06   8.622e+06


 0.000e+00   0.000e+00   0.000e+00   0.000e+00   0.000e+00   0.000e+00   0.000e+00   0.000e+00   0.000e+00   0.000e+00

 0.000e+00   0.000e+00   0.000e+00   0.000e+00   0.000e+00   0.000e+00   0.000e+00   0.000e+00   0.000e+00   0.000e+00

 0.000e+00   0.000e+00   0.000e+00   0.000e+00   0.000e+00   0.000e+00   0.000e+00   0.000e+00   0.000e+00   0.000e+00

 0.000e+00   0.000e+00   0.000e+00   0.000e+00   0.000e+00   0.000e+00   0.000e+00   0.000e+00   0.000e+00   0.000e+00

 0.000e+00   0.000e+00   0.000e+00   0.000e+00   0.000e+00   0.000e+00   0.000e+00   0.000e+00   0.000e+00   0.000e+00

 0.000e+00   0.000e+00   0.000e+00   0.000e+00   0.000e+00   0.000e+00   0.000e+00   0.000e+00   0.000e+00   0.000e+00

 0.000e+00   0.000e+00   0.000e+00   0.000e+00   0.000e+00   0.000e+00   0.000e+00   0.000e+00   0.000e+00   0.000e+00

 0.000e+00   0.000e+00   0.000e+00   0.000e+00   0.000e+00   0.000e+00   0.000e+00   0.000e+00   0.000e+00   0.000e+00

 0.000e+00   0.000e+00   0.000e+00   0.000e+00   0.000e+00   0.000e+00   0.000e+00   0.000e+00   0.000e+00   0.000e+00

 0.000e+00   0.000e+00   0.000e+00   0.000e+00   0.000e+00   0.000e+00   0.000e+00   0.000e+00   0.000e+00   0.000e+00

 0.000e+00   0.000e+00   0.000e+00   0.000e+00   0.000e+00   0.000e+00   0.000e+00   0.000e+00   0.000e+00   0.000e+00

 0.000e+00   0.000e+00   0.000e+00   0.000e+00   0.000e+00   0.000e+00   0.000e+00   0.000e+00   0.000e+00   0.000e+00

-8.296e+06  -8.889e+06   3.437e+06   2.222e+06   7.704e+05  -3.333e+05   1.748e+06   2.222e+06  -5.185e+05  -5.556e+05

-8.889e+06  -1.778e+07   2.222e+06   8.622e+06   3.333e+05   3.956e+06   2.222e+06   2.489e+06  -5.556e+05  -1.111e+06

-4.741e+07   4.657e-10  -8.296e+06  -8.889e+06   1.748e+06  -2.222e+06   4.504e+06  -2.910e-10   1.748e+06   2.222e+06

 6.403e-10  -1.351e+08  -8.889e+06  -1.778e+07  -2.222e+06   2.489e+06  -2.619e-10   1.636e+07   2.222e+06   2.489e+06

-8.296e+06   8.889e+06  -1.114e+07  -1.333e+06  -5.185e+05   5.556e+05   1.748e+06  -2.222e+06   7.704e+05   3.333e+05

 8.889e+06  -1.778e+07   1.333e+06  -3.351e+07   5.556e+05  -1.111e+06  -2.222e+06   2.489e+06  -3.333e+05   3.956e+06

-2.370e+06   4.657e-10  -4.504e+06   2.692e-10  -1.114e+07   1.333e+06  -8.296e+06  -8.889e+06   3.437e+06   2.222e+06

 1.746e-10   2.844e+07   1.746e-10  -1.636e+07  -1.333e+06  -3.351e+07  -8.889e+06  -1.778e+07   2.222e+06   8.622e+06

 1.327e+08  -1.397e-09  -2.370e+06  -1.804e-09  -8.296e+06   8.889e+06  -4.741e+07   1.630e-09  -8.296e+06  -8.889e+06

-1.397e-09   2.844e+08  -1.397e-09   2.844e+07   8.889e+06  -1.778e+07   1.222e-09  -1.351e+08  -8.889e+06  -1.778e+07

-2.370e+06  -1.630e-09   3.887e+07  -3.725e-09   3.437e+06  -2.222e+06  -8.296e+06   8.889e+06  -1.114e+07  -1.333e+06

-1.688e-09   2.844e+07  -4.657e-09   7.324e+07  -2.222e+06   8.622e+06   8.889e+06  -1.778e+07   1.333e+06  -3.351e+07

-8.296e+06   8.889e+06   3.437e+06  -2.222e+06   1.452e+07  -5.000e+06   1.807e+06   1.333e+06  -2.326e+06  -3.333e+05

 8.889e+06  -1.778e+07  -2.222e+06   8.622e+06  -5.000e+06   3.111e+07  -1.333e+06   1.351e+07   3.333e+05  -7.289e+06

-4.741e+07   1.281e-09  -8.296e+06   8.889e+06   1.807e+06  -1.333e+06   5.239e+07   0.000e+00   1.807e+06   1.333e+06

 1.630e-09  -1.351e+08   8.889e+06  -1.778e+07   1.333e+06   1.351e+07  -4.657e-10   1.223e+08  -1.333e+06   1.351e+07

-8.296e+06  -8.889e+06  -1.114e+07   1.333e+06  -2.326e+06   3.333e+05   1.807e+06  -1.333e+06   1.452e+07   5.000e+06

-8.889e+06  -1.778e+07  -1.333e+06  -3.351e+07  -3.333e+05  -7.289e+06   1.333e+06   1.351e+07   5.000e+06   3.111e+07



The Global Load Vector is
==================================

F
--
  0.0000e+00	  0.0000e+00	  0.0000e+00	  0.0000e+00	  2.5000e+01	  0.0000e+00	  0.0000e+00	  0.0000e+00	  0.0000e+00	  0.0000e+00	  1.0000e+02	  0.0000e+00	  0.0000e+00	  0.0000e+00	  0.0000e+00	  0.0000e+00	  4.1667e+01	  0.0000e+00	  0.0000e+00	  0.0000e+00	  0.0000e+00	  0.0000e+00	  6.6667e+01	  0.0000e+00	  0.0000e+00	  0.0000e+00	  0.0000e+00	  0.0000e+00	  1.6667e+01	  0.0000e+00	

Reduced Equations
=======================

K_reduce u = F_reduce
--------
 5.239e+07    2.910e-11    1.807e+06   -8.296e+06    8.889e+06   -4.741e+07    5.821e-11   -8.296e+06   -8.889e+06 

 2.910e-11    1.223e+08    1.333e+06    8.889e+06   -1.778e+07   -2.328e-10   -1.351e+08   -8.889e+06   -1.778e+07 

 1.807e+06    1.333e+06    1.452e+07    3.437e+06   -2.222e+06   -8.296e+06    8.889e+06   -1.114e+07   -1.333e+06 

-8.296e+06    8.889e+06    3.437e+06    3.887e+07    4.948e-10   -2.370e+06    1.746e-10   -4.504e+06   -2.328e-10 

 8.889e+06   -1.778e+07   -2.222e+06    2.910e-11    7.324e+07    2.328e-10    2.844e+07   -4.075e-10   -1.636e+07 

-4.741e+07   -3.492e-10   -8.296e+06   -2.370e+06    5.239e-10    1.327e+08    0.000e+00   -2.370e+06    6.403e-10 

-2.328e-10   -1.351e+08    8.889e+06    5.239e-10    2.844e+07    4.657e-10    2.844e+08    6.985e-10    2.844e+07 

-8.296e+06   -8.889e+06   -1.114e+07   -4.504e+06   -4.657e-10   -2.370e+06    9.313e-10    3.887e+07   -4.657e-10 

-8.889e+06   -1.778e+07   -1.333e+06   -3.129e-10   -1.636e+07    7.567e-10    2.844e+07    0.000e+00    7.324e+07 

 1.748e+06   -2.222e+06   -5.185e+05   -1.114e+07   -1.333e+06   -8.296e+06    8.889e+06    3.437e+06   -2.222e+06 

-2.222e+06    2.489e+06    5.556e+05    1.333e+06   -3.351e+07    8.889e+06   -1.778e+07   -2.222e+06    8.622e+06 

 4.504e+06   -4.366e-11    1.748e+06   -8.296e+06   -8.889e+06   -4.741e+07    4.075e-10   -8.296e+06    8.889e+06 

-1.164e-10    1.636e+07   -2.222e+06   -8.889e+06   -1.778e+07    2.328e-10   -1.351e+08    8.889e+06   -1.778e+07 

 1.748e+06    2.222e+06    7.704e+05    3.437e+06    2.222e+06   -8.296e+06   -8.889e+06   -1.114e+07    1.333e+06 

 2.222e+06    2.489e+06    3.333e+05    2.222e+06    8.622e+06   -8.889e+06   -1.778e+07   -1.333e+06   -3.351e+07 

 0.000e+00    0.000e+00    0.000e+00    0.000e+00    0.000e+00    0.000e+00    0.000e+00    0.000e+00    0.000e+00 

 0.000e+00    0.000e+00    0.000e+00    0.000e+00    0.000e+00    0.000e+00    0.000e+00    0.000e+00    0.000e+00 

 0.000e+00    0.000e+00    0.000e+00    0.000e+00    0.000e+00    0.000e+00    0.000e+00    0.000e+00    0.000e+00 

 0.000e+00    0.000e+00    0.000e+00    0.000e+00    0.000e+00    0.000e+00    0.000e+00    0.000e+00    0.000e+00 

 0.000e+00    0.000e+00    0.000e+00    0.000e+00    0.000e+00    0.000e+00    0.000e+00    0.000e+00    0.000e+00 

 0.000e+00    0.000e+00    0.000e+00    0.000e+00    0.000e+00    0.000e+00    0.000e+00    0.000e+00    0.000e+00 

 0.000e+00    0.000e+00    0.000e+00    0.000e+00    0.000e+00    0.000e+00    0.000e+00    0.000e+00    0.000e+00 

 0.000e+00    0.000e+00    0.000e+00    0.000e+00    0.000e+00    0.000e+00    0.000e+00    0.000e+00    0.000e+00 

 0.000e+00    0.000e+00    0.000e+00    0.000e+00    0.000e+00    0.000e+00    0.000e+00    0.000e+00    0.000e+00 

 0.000e+00    0.000e+00    0.000e+00    0.000e+00    0.000e+00    0.000e+00    0.000e+00    0.000e+00    0.000e+00 


 1.748e+06   -2.222e+06    4.504e+06   -5.821e-11    1.748e+06    2.222e+06    0.000e+00    0.000e+00    0.000e+00 

-2.222e+06    2.489e+06   -8.731e-11    1.636e+07    2.222e+06    2.489e+06    0.000e+00    0.000e+00    0.000e+00 

-5.185e+05    5.556e+05    1.748e+06   -2.222e+06    7.704e+05    3.333e+05    0.000e+00    0.000e+00    0.000e+00 

-1.114e+07    1.333e+06   -8.296e+06   -8.889e+06    3.437e+06    2.222e+06    0.000e+00    0.000e+00    0.000e+00 

-1.333e+06   -3.351e+07   -8.889e+06   -1.778e+07    2.222e+06    8.622e+06    0.000e+00    0.000e+00    0.000e+00 

-8.296e+06    8.889e+06   -4.741e+07    4.657e-10   -8.296e+06   -8.889e+06    0.000e+00    0.000e+00    0.000e+00 

 8.889e+06   -1.778e+07    4.075e-10   -1.351e+08   -8.889e+06   -1.778e+07    0.000e+00    0.000e+00    0.000e+00 

 3.437e+06   -2.222e+06   -8.296e+06    8.889e+06   -1.114e+07   -1.333e+06    0.000e+00    0.000e+00    0.000e+00 

-2.222e+06    8.622e+06    8.889e+06   -1.778e+07    1.333e+06   -3.351e+07    0.000e+00    0.000e+00    0.000e+00 

 2.904e+07    1.863e-09    3.615e+06    2.328e-10   -4.652e+06    2.328e-10   -1.114e+07    1.333e+06   -8.296e+06 

 1.863e-09    6.222e+07    2.328e-10    2.702e+07    1.746e-10   -1.458e+07   -1.333e+06   -3.351e+07   -8.889e+06 

 3.615e+06    2.328e-10    1.048e+08   -4.802e-10    3.615e+06   -6.985e-10   -8.296e+06    8.889e+06   -4.741e+07 

 2.328e-10    2.702e+07    1.455e-11    2.446e+08   -1.164e-09    2.702e+07    8.889e+06   -1.778e+07    6.403e-10 

-4.652e+06    2.328e-10    3.615e+06   -1.164e-09    2.904e+07    9.313e-10    3.437e+06   -2.222e+06   -8.296e+06 

 2.328e-10   -1.458e+07   -9.313e-10    2.702e+07    0.000e+00    6.222e+07   -2.222e+06    8.622e+06    8.889e+06 

-1.114e+07   -1.333e+06   -8.296e+06    8.889e+06    3.437e+06   -2.222e+06    3.887e+07   -5.093e-10   -2.370e+06 

 1.333e+06   -3.351e+07    8.889e+06   -1.778e+07   -2.222e+06    8.622e+06   -4.366e-11    7.324e+07    1.746e-10 

-8.296e+06   -8.889e+06   -4.741e+07    5.239e-10   -8.296e+06    8.889e+06   -2.370e+06    2.910e-10    1.327e+08 

-8.889e+06   -1.778e+07    6.985e-10   -1.351e+08    8.889e+06   -1.778e+07    3.492e-10    2.844e+07   -1.397e-09 

 3.437e+06    2.222e+06   -8.296e+06   -8.889e+06   -1.114e+07    1.333e+06   -4.504e+06    3.492e-10   -2.370e+06 

 2.222e+06    8.622e+06   -8.889e+06   -1.778e+07   -1.333e+06   -3.351e+07    2.328e-10   -1.636e+07   -1.688e-09 

 1.748e+06    2.222e+06    4.504e+06   -2.037e-10    1.748e+06   -2.222e+06   -8.296e+06   -8.889e+06   -4.741e+07 

 2.222e+06    2.489e+06   -1.164e-10    1.636e+07   -2.222e+06    2.489e+06   -8.889e+06   -1.778e+07    1.630e-09 

-5.185e+05   -5.556e+05    1.748e+06    2.222e+06    7.704e+05   -3.333e+05    3.437e+06    2.222e+06   -8.296e+06 

-5.556e+05   -1.111e+06    2.222e+06    2.489e+06    3.333e+05    3.956e+06    2.222e+06    8.622e+06   -8.889e+06 


 0.000e+00    0.000e+00    0.000e+00    0.000e+00    0.000e+00    0.000e+00    0.000e+00		  0.0000e+00

 0.000e+00    0.000e+00    0.000e+00    0.000e+00    0.000e+00    0.000e+00    0.000e+00		  0.0000e+00

 0.000e+00    0.000e+00    0.000e+00    0.000e+00    0.000e+00    0.000e+00    0.000e+00		  2.5000e+01

 0.000e+00    0.000e+00    0.000e+00    0.000e+00    0.000e+00    0.000e+00    0.000e+00		  0.0000e+00

 0.000e+00    0.000e+00    0.000e+00    0.000e+00    0.000e+00    0.000e+00    0.000e+00		  0.0000e+00

 0.000e+00    0.000e+00    0.000e+00    0.000e+00    0.000e+00    0.000e+00    0.000e+00		  0.0000e+00

 0.000e+00    0.000e+00    0.000e+00    0.000e+00    0.000e+00    0.000e+00    0.000e+00		  0.0000e+00

 0.000e+00    0.000e+00    0.000e+00    0.000e+00    0.000e+00    0.000e+00    0.000e+00		  1.0000e+02

 0.000e+00    0.000e+00    0.000e+00    0.000e+00    0.000e+00    0.000e+00    0.000e+00		  0.0000e+00

-8.889e+06    3.437e+06    2.222e+06    1.748e+06    2.222e+06   -5.185e+05   -5.556e+05		  0.0000e+00

-1.778e+07    2.222e+06    8.622e+06    2.222e+06    2.489e+06   -5.556e+05   -1.111e+06		  0.0000e+00

 4.657e-10   -8.296e+06   -8.889e+06    4.504e+06   -2.910e-10    1.748e+06    2.222e+06		  0.0000e+00

-1.351e+08   -8.889e+06   -1.778e+07   -2.619e-10    1.636e+07    2.222e+06    2.489e+06		  0.0000e+00

 8.889e+06   -1.114e+07   -1.333e+06    1.748e+06   -2.222e+06    7.704e+05    3.333e+05		  4.1667e+01

-1.778e+07    1.333e+06   -3.351e+07   -2.222e+06    2.489e+06   -3.333e+05    3.956e+06		  0.0000e+00

 4.657e-10   -4.504e+06    2.692e-10   -8.296e+06   -8.889e+06    3.437e+06    2.222e+06		  0.0000e+00

 2.844e+07    1.746e-10   -1.636e+07   -8.889e+06   -1.778e+07    2.222e+06    8.622e+06		  0.0000e+00

-1.397e-09   -2.370e+06   -1.804e-09   -4.741e+07    1.630e-09   -8.296e+06   -8.889e+06		  0.0000e+00

 2.844e+08   -1.397e-09    2.844e+07    1.222e-09   -1.351e+08   -8.889e+06   -1.778e+07		  0.0000e+00

-1.630e-09    3.887e+07   -3.725e-09   -8.296e+06    8.889e+06   -1.114e+07   -1.333e+06		  6.6667e+01

 2.844e+07   -4.657e-09    7.324e+07    8.889e+06   -1.778e+07    1.333e+06   -3.351e+07		  0.0000e+00

 1.281e-09   -8.296e+06    8.889e+06    5.239e+07    0.000e+00    1.807e+06    1.333e+06		  0.0000e+00

-1.351e+08    8.889e+06   -1.778e+07   -4.657e-10    1.223e+08   -1.333e+06    1.351e+07		  0.0000e+00

-8.889e+06   -1.114e+07    1.333e+06    1.807e+06   -1.333e+06    1.452e+07    5.000e+06		  1.6667e+01

-1.778e+07   -1.333e+06   -3.351e+07    1.333e+06    1.351e+07    5.000e+06    3.111e+07		  0.0000e+00



The Final Solution
=========================

Tn
--
  0.0000e+00
  0.0000e+00
  1.3462e-05
 -6.7945e-07
  1.9458e-05
  0.0000e+00
  8.2840e-06
  3.3702e-07
  1.2981e-05
 -1.2421e-06
  2.0124e-05
 -3.1252e-08
  9.9315e-06
 -8.9504e-08
  1.3239e-05
 -1.0067e-06
  1.8752e-05
 -1.1616e-06
  8.3521e-06
 -4.9602e-07
  1.2860e-05
 -6.8538e-07
  1.8779e-05
 -2.4534e-06
  0.0000e+00
  0.0000e+00
  1.3580e-05
 -1.1285e-06
  1.7843e-05
 -2.7179e-06


Stresses at Gauss Points
=========================

Element No.:            1
xi - -7.746e-01, eta - -7.746e-01, stresses -  2.574e+02    6.671e+01    1.451e+02
xi - -7.746e-01, eta -  0.000e+00, stresses -  8.513e+01    1.855e+01    6.282e+01
xi - -7.746e-01, eta -  7.746e-01, stresses -  4.298e+01    2.921e+00   -7.367e+00
xi -  0.000e+00, eta - -7.746e-01, stresses -  1.724e+02   -3.796e+00   -1.666e+01
xi -  0.000e+00, eta -  0.000e+00, stresses -  1.237e+02    2.110e+01   -4.154e+00
xi -  0.000e+00, eta -  7.746e-01, stresses -  1.043e+02    5.336e+01    7.546e+00
xi -  7.746e-01, eta - -7.746e-01, stresses -  1.103e+02    1.712e+01    4.551e+00
xi -  7.746e-01, eta -  0.000e+00, stresses -  1.594e+02    1.220e+01   -1.483e+00
xi -  7.746e-01, eta -  7.746e-01, stresses -  1.371e+02   -1.054e+01   -2.118e+01
Element No.:            2
xi - -7.746e-01, eta - -7.746e-01, stresses -  4.313e+01    4.790e+00   -7.229e+00
xi - -7.746e-01, eta -  0.000e+00, stresses -  8.910e+01    2.673e+01   -7.737e+01
xi - -7.746e-01, eta -  7.746e-01, stresses -  2.707e+02    8.259e+01   -1.601e+02
xi -  0.000e+00, eta - -7.746e-01, stresses -  1.010e+02    5.713e+01   -2.145e+01
xi -  0.000e+00, eta -  0.000e+00, stresses -  1.102e+02    2.391e+01   -3.737e+00
xi -  0.000e+00, eta -  7.746e-01, stresses -  1.566e+02   -2.465e-02    1.428e+01
xi -  7.746e-01, eta - -7.746e-01, stresses -  1.274e+02   -1.689e+01   -7.846e+00
xi -  7.746e-01, eta -  0.000e+00, stresses -  1.255e+02   -2.405e+00   -1.307e+01
xi -  7.746e-01, eta -  7.746e-01, stresses -  6.238e+01   -3.246e+00   -5.133e+00


Stresses at Nodes
======================

Node:             1   Stresses -  3.783e+02    1.377e+02    2.676e+02
Node:             2   Stresses -  1.922e+02   -9.660e+00   -2.045e+01
Node:             3   Stresses -  5.655e+01    4.523e+01    5.133e+01
Node:             4   Stresses -  7.337e+01    1.566e+01    9.539e+01
Node:             5   Stresses -  1.237e+02    2.110e+01   -4.154e+00
Node:             6   Stresses -  1.692e+02    7.455e+00    1.237e+01
Node:             7   Stresses -  3.371e+01   -4.156e+01   -8.751e+00
Node:             8   Stresses -  1.048e+02    6.634e+01   -7.878e+00
Node:             9   Stresses -  1.132e+02   -7.625e+01   -2.078e+01
Node:            10   Stresses -  8.184e+01    2.315e+01   -1.144e+02
Node:            11   Stresses -  1.102e+02    2.391e+01   -3.737e+00
Node:            12   Stresses -  1.289e+02   -1.447e+01   -3.137e+01
Node:            13   Stresses -  4.042e+02    1.579e+02   -2.889e+02
Node:            14   Stresses -  1.771e+02   -5.243e+00    1.958e+01
Node:            15   Stresses - -4.459e+00    1.384e+01   -4.860e+01
