K = [2.1e5,    -1.575e5,    1.05e5,   0,         0,         0,       0,       0;
    -1.575e5   3.15e5,      0,       -1.575e5,  1.575e5,    0,       0,       0;
    1.05e5,    0,           4.2e5,   -1.575e5,  1.05e5,     0,       0,       0;
    0,         -1.575e5,   -1.575e5, 1.4175e6,  4.725e5,  -1.26e6,  6.3e5,    0;
    0,         1.575e5,     1.05e5,  4.725e5,   6.3e5,    -6.3e5,   2.1e5,    0;
    0,         0,           0,      -1.26e6,   -6.3e5,    2.52e6,   0,     6.3e5;
    0,         0,           0,       6.3e5,     2.1e5,    0,        8.4e5, 2.1e5;
    0,         0,           0,           0,         0,    6.3e5,    2.1e5, 4.2e5];

F = [0; 12000; 666.67;  2000; -666.67;  0;  3000;  0];

u = inv(K)*F;