The Element Stiffness matrices are
===================================
E =   7.0000e+07, I =   1.6000e-05, A =   8.0000e-03

Ke1 where xe1 =   0.0000e+00, ye1 =   0.0000e+00, xe2 =   0.0000e+00, ye2 =   5.0000e-01
------------------------------------------------------------

    1.0752e+05	    0.0000e+00	    2.6880e+04	   -1.0752e+05	    0.0000e+00	    2.6880e+04

    0.0000e+00	    1.1200e+06	    0.0000e+00	    0.0000e+00	   -1.1200e+06	    0.0000e+00

    2.6880e+04	    0.0000e+00	    8.9600e+03	   -2.6880e+04	    0.0000e+00	    4.4800e+03

   -1.0752e+05	    0.0000e+00	   -2.6880e+04	    1.0752e+05	    0.0000e+00	   -2.6880e+04

    0.0000e+00	   -1.1200e+06	    0.0000e+00	    0.0000e+00	    1.1200e+06	    0.0000e+00

    2.6880e+04	    0.0000e+00	    4.4800e+03	   -2.6880e+04	    0.0000e+00	    8.9600e+03

Ke2 where xe1 =   0.0000e+00, ye1 =   5.0000e-01, xe2 =   1.0000e-01, ye2 =   5.4000e-01
------------------------------------------------------------

    5.9661e+06	   -1.9166e+06	    2.1515e+05	   -5.9661e+06	    1.9166e+06	    2.1515e+05

   -1.9166e+06	    9.9909e+06	   -5.3788e+05	    1.9166e+06	   -9.9909e+06	   -5.3788e+05

    2.1515e+05	   -5.3788e+05	    4.1596e+04	   -2.1515e+05	    5.3788e+05	    2.0798e+04

   -5.9661e+06	    1.9166e+06	   -2.1515e+05	    5.9661e+06	   -1.9166e+06	   -2.1515e+05

    1.9166e+06	   -9.9909e+06	    5.3788e+05	   -1.9166e+06	    9.9909e+06	    5.3788e+05

    2.1515e+05	   -5.3788e+05	    2.0798e+04	   -2.1515e+05	    5.3788e+05	    4.1596e+04

Ke3 where xe1 =   1.0000e-01, ye1 =   5.4000e-01, xe2 =   2.0000e-01, ye2 =   5.8000e-01
------------------------------------------------------------

    5.9661e+06	   -1.9166e+06	    2.1515e+05	   -5.9661e+06	    1.9166e+06	    2.1515e+05

   -1.9166e+06	    9.9909e+06	   -5.3788e+05	    1.9166e+06	   -9.9909e+06	   -5.3788e+05

    2.1515e+05	   -5.3788e+05	    4.1596e+04	   -2.1515e+05	    5.3788e+05	    2.0798e+04

   -5.9661e+06	    1.9166e+06	   -2.1515e+05	    5.9661e+06	   -1.9166e+06	   -2.1515e+05

    1.9166e+06	   -9.9909e+06	    5.3788e+05	   -1.9166e+06	    9.9909e+06	    5.3788e+05

    2.1515e+05	   -5.3788e+05	    2.0798e+04	   -2.1515e+05	    5.3788e+05	    4.1596e+04

The Element Load Vector are
===================================

    1.2500e+02

    0.0000e+00

    1.0417e+01

    1.2500e+02

    0.0000e+00

   -1.0417e+01



The Global Stiffness matrix is
==================================

K
--
  1.0752e+05	  0.0000e+00	  2.6880e+04	 -1.0752e+05	  0.0000e+00	  2.6880e+04	  0.0000e+00	  0.0000e+00	  0.0000e+00	  0.0000e+00	  0.0000e+00	  0.0000e+00

  0.0000e+00	  1.1200e+06	  0.0000e+00	  0.0000e+00	 -1.1200e+06	  0.0000e+00	  0.0000e+00	  0.0000e+00	  0.0000e+00	  0.0000e+00	  0.0000e+00	  0.0000e+00

  2.6880e+04	  0.0000e+00	  8.9600e+03	 -2.6880e+04	  0.0000e+00	  4.4800e+03	  0.0000e+00	  0.0000e+00	  0.0000e+00	  0.0000e+00	  0.0000e+00	  0.0000e+00

 -1.0752e+05	  0.0000e+00	 -2.6880e+04	  6.0736e+06	 -1.9166e+06	  1.8827e+05	 -5.9661e+06	  1.9166e+06	  2.1515e+05	  0.0000e+00	  0.0000e+00	  0.0000e+00

  0.0000e+00	 -1.1200e+06	  0.0000e+00	 -1.9166e+06	  1.1111e+07	 -5.3788e+05	  1.9166e+06	 -9.9909e+06	 -5.3788e+05	  0.0000e+00	  0.0000e+00	  0.0000e+00

  2.6880e+04	  0.0000e+00	  4.4800e+03	  1.8827e+05	 -5.3788e+05	  5.0556e+04	 -2.1515e+05	  5.3788e+05	  2.0798e+04	  0.0000e+00	  0.0000e+00	  0.0000e+00

  0.0000e+00	  0.0000e+00	  0.0000e+00	 -5.9661e+06	  1.9166e+06	 -2.1515e+05	  1.1932e+07	 -3.8331e+06	 -2.9104e-10	 -5.9661e+06	  1.9166e+06	  2.1515e+05

  0.0000e+00	  0.0000e+00	  0.0000e+00	  1.9166e+06	 -9.9909e+06	  5.3788e+05	 -3.8331e+06	  1.9982e+07	 -8.1491e-10	  1.9166e+06	 -9.9909e+06	 -5.3788e+05

  0.0000e+00	  0.0000e+00	  0.0000e+00	  2.1515e+05	 -5.3788e+05	  2.0798e+04	 -2.9104e-10	 -8.1491e-10	  8.3192e+04	 -2.1515e+05	  5.3788e+05	  2.0798e+04

  0.0000e+00	  0.0000e+00	  0.0000e+00	  0.0000e+00	  0.0000e+00	  0.0000e+00	 -5.9661e+06	  1.9166e+06	 -2.1515e+05	  5.9661e+06	 -1.9166e+06	 -2.1515e+05

  0.0000e+00	  0.0000e+00	  0.0000e+00	  0.0000e+00	  0.0000e+00	  0.0000e+00	  1.9166e+06	 -9.9909e+06	  5.3788e+05	 -1.9166e+06	  9.9909e+06	  5.3788e+05

  0.0000e+00	  0.0000e+00	  0.0000e+00	  0.0000e+00	  0.0000e+00	  0.0000e+00	  2.1515e+05	 -5.3788e+05	  2.0798e+04	 -2.1515e+05	  5.3788e+05	  4.1596e+04



The Global Load Vector is
==================================

F
--
  1.2500e+02

  0.0000e+00

  1.0417e+01

  1.2500e+02

 -2.0000e+03

 -1.0417e+01

  0.0000e+00

 -4.0000e+03

  0.0000e+00

  0.0000e+00

  0.0000e+00

  0.0000e+00



Imposition of Boundary Condition
==================================

K u = F
--------
  1.0752e+05	  0.0000e+00	  2.6880e+04	 -1.0752e+05	  0.0000e+00	  2.6880e+04	  0.0000e+00	  0.0000e+00	  0.0000e+00	  0.0000e+00	  0.0000e+00	  0.0000e+00				  1.2500e+02

  0.0000e+00	  1.1200e+06	  0.0000e+00	  0.0000e+00	 -1.1200e+06	  0.0000e+00	  0.0000e+00	  0.0000e+00	  0.0000e+00	  0.0000e+00	  0.0000e+00	  0.0000e+00				  0.0000e+00

  2.6880e+04	  0.0000e+00	  8.9600e+03	 -2.6880e+04	  0.0000e+00	  4.4800e+03	  0.0000e+00	  0.0000e+00	  0.0000e+00	  0.0000e+00	  0.0000e+00	  0.0000e+00				  1.0417e+01

 -1.0752e+05	  0.0000e+00	 -2.6880e+04	  6.0736e+06	 -1.9166e+06	  1.8827e+05	 -5.9661e+06	  1.9166e+06	  2.1515e+05	  0.0000e+00	  0.0000e+00	  0.0000e+00				  1.2500e+02

  0.0000e+00	 -1.1200e+06	  0.0000e+00	 -1.9166e+06	  1.1111e+07	 -5.3788e+05	  1.9166e+06	 -9.9909e+06	 -5.3788e+05	  0.0000e+00	  0.0000e+00	  0.0000e+00				 -2.0000e+03

  2.6880e+04	  0.0000e+00	  4.4800e+03	  1.8827e+05	 -5.3788e+05	  5.0556e+04	 -2.1515e+05	  5.3788e+05	  2.0798e+04	  0.0000e+00	  0.0000e+00	  0.0000e+00				 -1.0417e+01

  0.0000e+00	  0.0000e+00	  0.0000e+00	 -5.9661e+06	  1.9166e+06	 -2.1515e+05	  1.1932e+07	 -3.8331e+06	 -2.9104e-10	 -5.9661e+06	  1.9166e+06	  2.1515e+05				  0.0000e+00

  0.0000e+00	  0.0000e+00	  0.0000e+00	  1.9166e+06	 -9.9909e+06	  5.3788e+05	 -3.8331e+06	  1.9982e+07	 -8.1491e-10	  1.9166e+06	 -9.9909e+06	 -5.3788e+05				 -4.0000e+03

  0.0000e+00	  0.0000e+00	  0.0000e+00	  2.1515e+05	 -5.3788e+05	  2.0798e+04	 -2.9104e-10	 -8.1491e-10	  8.3192e+04	 -2.1515e+05	  5.3788e+05	  2.0798e+04				  0.0000e+00

  0.0000e+00	  0.0000e+00	  0.0000e+00	  0.0000e+00	  0.0000e+00	  0.0000e+00	 -5.9661e+06	  1.9166e+06	 -2.1515e+05	  5.9661e+06	 -1.9166e+06	 -2.1515e+05				  0.0000e+00

  0.0000e+00	  0.0000e+00	  0.0000e+00	  0.0000e+00	  0.0000e+00	  0.0000e+00	  1.9166e+06	 -9.9909e+06	  5.3788e+05	 -1.9166e+06	  9.9909e+06	  5.3788e+05				  0.0000e+00

  0.0000e+00	  0.0000e+00	  0.0000e+00	  0.0000e+00	  0.0000e+00	  0.0000e+00	  2.1515e+05	 -5.3788e+05	  2.0798e+04	 -2.1515e+05	  5.3788e+05	  4.1596e+04				  0.0000e+00



Reduced Equations
=======================

K_reduce u = F_reduce
--------
  6.0736e+06	 -1.9166e+06	  1.8827e+05	 -5.9661e+06	  1.9166e+06	  2.1515e+05	  1.2500e+02	 -1.9166e+06	  1.1111e+07	 -5.3788e+05	  1.9166e+06	 -9.9909e+06	 -5.3788e+05	 -2.0000e+03	  1.8827e+05	 -5.3788e+05	  5.0556e+04	 -2.1515e+05	  5.3788e+05	  2.0798e+04	 -1.0417e+01	 -5.9661e+06	  1.9166e+06	 -2.1515e+05	  1.1932e+07	 -3.8331e+06	 -2.9104e-10	  0.0000e+00	  1.9166e+06	 -9.9909e+06	  5.3788e+05	 -3.8331e+06	  1.9982e+07	 -8.1491e-10	 -4.0000e+03	  2.1515e+05	 -5.3788e+05	  2.0798e+04	 -2.9104e-10	 -8.1491e-10	  8.3192e+04	  0.0000e+00	

The Final Solution
=========================

wn
--
  0.0000e+00

  0.0000e+00

  0.0000e+00

  4.3491e-04

 -1.8896e-03

 -5.9217e-03

  8.9708e-05

 -1.0101e-03

 -1.1862e-02

  0.0000e+00

  0.0000e+00

  0.0000e+00



The Reaction Forces can be found from
=========================================

F = K*wn
---------
 -2.0594e+02

  2.1164e+03

 -3.8220e+01

  1.2500e+02

 -2.0000e+03

 -1.0417e+01

 -1.0952e-12

 -4.0000e+03

  5.6843e-13

  8.0938e+01

  3.8836e+03

  3.1591e+02

